25 1000
0  
0  
0  
0  
0  
0  
0  
0  
0  
0  
0  
0  
0  
0  
0  
0  
0  
0  
0  
0  
0  
0  
0  
0  
0
17 20
10 11
5 10
5 0
19 9
13 22
9 25
13 22
17 15
6 20
9 23
14 14
5 14
22 21
19 4
4 14
10 1
1 20
21 23
6 15
4 1
18 11
21 9
9 21
1 17
13 24
5 22
8 11
12 16
24 4
7 18
3 19
22 16
7 14
25 8
23 4
16 10
1 4
11 16
10 3
17 24
9 2
20 23
9 17
21 7
16 11
6 1
5 0
20 12
15 20
15 11
13 1
22 21
20 25
18 23
6 19
7 22
5 8
7 18
3 25
4 17
20 8
23 18
1 11
0 9
6 1
20 15
1 1
11 20
17 23
5 0
20 8
8 20
3 20
15 17
17 14
5 25
21 7
0 12
5 6
11 12
16 13
12 19
16 2
15 22
21 18
1 23
8 25
11 19
14 10
8 6
14 3
8 8
24 8
13 16
6 23
23 14
11 16
12 25
16 14
11 20
8 10
25 13
23 13
10 19
2 3
13 5
9 25
1 4
8 21
3 6
1 9
2 3
21 13
16 18
18 25
3 3
12 20
12 6
25 17
13 24
9 11
14 3
24 20
5 9
25 23
9 4
4 13
22 7
14 18
23 19
14 11
7 10
25 6
22 20
7 14
23 13
0 3
21 22
13 5
24 6
0 17
10 4
14 20
8 24
16 4
21 17
23 7
1 8
1 6
0 22
12 6
10 21
7 2
22 12
24 24
15 19
6 20
16 6
20 0
4 2
24 15
5 2
16 24
1 15
17 5
19 25
16 2
17 11
8 20
5 16
21 0
23 8
21 23
1 13
9 2
9 25
16 13
10 3
18 2
0 15
2 19
17 21
22 18
24 22
9 0
16 23
13 9
7 12
20 3
4 23
9 14
14 17
25 0
17 23
0 0
11 7
2 18
23 24
11 16
3 9
12 16
22 19
9 4
8 14
11 14
3 21
13 9
4 12
8 5
16 20
3 9
13 5
14 4
22 7
6 19
11 14
3 9
0 20
6 12
8 20
0 24
1 4
9 2
1 16
21 20
21 2
19 7
20 18
2 12
0 3
5 16
14 14
22 17
14 11
0 14
12 12
16 2
6 4
19 13
8 24
14 11
18 18
18 10
6 21
19 24
8 25
9 22
0 14
21 6
7 20
18 3
23 0
0 24
4 7
23 6
16 20
24 6
9 7
4 19
9 1
6 23
3 6
20 8
18 16
19 22
25 24
21 8
5 18
3 17
2 6
14 12
15 13
19 6
16 15
6 8
6 15
13 11
19 25
24 4
25 12
0 11
20 24
16 3
4 7
4 13
8 0
23 6
15 10
9 11
3 3
4 18
12 1
7 21
24 4
19 25
6 24
13 15
10 1
12 22
20 7
5 23
22 19
20 12
4 3
12 24
15 20
13 1
25 3
3 13
15 18
20 11
0 12
4 3
17 9
11 22
4 0
23 4
17 25
13 19
20 2
3 5
17 10
6 6
12 19
11 12
5 9
18 10
25 19
20 8
16 16
10 2
1 6
24 10
19 22
24 12
1 3
9 0
15 24
24 9
25 2
6 4
11 21
1 14
15 19
25 4
11 0
11 20
8 1
25 3
0 25
14 14
6 2
8 25
23 24
20 20
4 4
15 10
13 10
0 1
0 1
7 7
4 14
7 0
4 22
7 6
15 15
10 3
9 3
10 23
16 10
24 14
25 24
21 20
12 11
12 11
3 7
5 1
21 25
5 15
1 2
17 10
15 8
18 3
12 23
4 12
24 24
7 16
8 25
14 15
10 3
20 24
11 15
6 15
15 8
23 19
10 21
8 12
21 24
11 24
14 12
7 5
17 15
20 2
19 23
9 12
25 2
4 12
2 6
24 17
12 2
10 8
14 20
4 15
14 22
8 7
14 11
17 0
24 12
21 19
18 10
23 7
16 10
10 6
8 22
19 4
17 20
21 12
14 3
10 17
16 13
5 24
8 17
0 14
21 12
23 3
22 8
8 13
22 11
21 14
5 18
21 8
12 3
24 4
16 17
6 21
4 3
18 2
3 8
14 7
13 15
11 8
8 10
16 10
5 11
22 12
8 15
25 24
25 9
16 5
9 8
11 16
5 22
11 17
17 23
25 6
17 14
3 10
19 24
21 6
8 24
14 23
16 21
6 18
17 17
10 8
5 16
22 6
20 2
22 10
0 4
23 22
9 2
8 9
4 17
25 2
17 13
7 10
12 6
24 0
16 9
10 25
11 8
1 19
12 11
0 8
14 13
17 2
14 9
6 13
19 3
11 0
17 25
12 0
6 21
18 11
5 6
5 20
3 13
4 14
12 15
25 22
5 9
19 10
23 18
12 9
17 15
17 17
22 13
3 19
14 12
10 23
14 6
2 0
1 12
22 8
24 25
23 18
6 2
10 5
12 13
12 16
11 1
2 9
15 7
15 11
5 22
12 9
21 17
10 4
2 14
8 18
3 15
14 4
25 11
2 20
19 11
5 11
20 3
8 3
3 22
7 7
3 13
20 7
24 24
13 23
3 18
25 3
25 5
0 3
4 22
15 23
22 6
11 19
11 15
16 4
4 7
2 3
24 0
4 22
19 11
13 20
23 13
14 10
7 16
5 14
23 14
11 23
11 19
14 13
2 9
2 19
7 25
0 14
2 22
12 8
11 17
2 5
12 3
17 10
14 21
16 19
19 22
19 4
21 1
25 3
22 7
6 10
9 3
5 23
5 3
8 2
4 7
5 6
17 13
9 11
0 11
3 6
8 9
10 19
7 5
8 19
2 7
15 11
1 18
15 12
6 12
4 17
9 25
22 19
18 10
19 3
5 12
1 10
17 1
13 16
24 24
18 18
21 6
4 0
13 18
2 0
12 10
15 19
15 2
16 25
24 3
7 1
3 14
4 17
15 16
9 16
9 24
22 11
20 7
20 21
3 3
6 19
9 10
16 14
16 24
24 8
25 13
15 3
19 22
18 25
16 22
18 6
21 9
24 20
11 2
16 24
4 22
21 7
23 8
25 7
12 17
17 14
3 12
20 7
9 1
3 0
6 19
24 1
10 17
17 6
2 16
5 13
5 0
14 22
5 19
22 16
12 9
5 3
16 21
9 23
4 20
9 18
23 19
7 4
12 17
21 13
9 4
1 1
22 20
5 17
19 15
20 13
23 3
18 10
10 14
15 14
3 19
24 22
14 1
15 22
23 24
16 16
16 17
21 19
21 8
3 5
1 24
2 16
10 4
25 25
9 25
1 12
15 16
15 7
11 19
13 25
25 16
2 23
1 0
15 2
3 3
17 15
12 16
12 5
9 15
24 5
9 21
12 18
13 0
18 13
13 22
17 9
15 13
6 23
13 4
17 14
13 14
7 0
1 1
21 0
4 5
1 6
10 9
6 11
21 13
21 20
16 2
15 16
23 9
7 10
17 5
4 13
16 20
8 16
6 5
22 21
15 17
14 17
21 0
23 4
7 1
21 23
24 13
21 21
4 18
10 8
13 23
23 15
23 24
10 6
11 15
15 23
7 20
9 12
15 14
7 10
22 2
1 1
12 6
15 9
2 19
0 12
11 12
7 18
22 11
4 3
19 8
2 6
13 12
24 24
4 15
14 11
16 8
19 0
1 13
13 23
7 10
10 20
5 1
21 11
15 24
17 11
4 9
22 4
17 25
24 6
0 19
4 19
17 18
5 4
20 1
20 18
4 2
10 21
16 6
2 25
0 20
20 13
16 16
6 18
8 18
20 19
24 18
0 3
10 12
0 13
21 13
4 13
7 6
5 3
2 13
20 11
16 24
1 15
4 20
22 7
25 9
5 11
2 22
23 9
1 4
6 4
13 5
7 3
8 25
22 1
20 5
15 4
19 5
25 7
12 25
23 6
6 22
7 23
9 4
19 14
1 22
18 18
20 23
12 14
9 19
12 2
8 7
25 9
21 0
23 21
4 16
9 17
15 11
13 17
18 1
16 2
20 9
14 18
5 22
16 2
2 0
11 1
15 13
1 15
24 22
11 3
15 12
18 1
8 11
13 0
5 14
4 4
18 21
1 22
9 12
12 24
15 21
15 16
0 7
22 0
0 0
16 15
13 6
18 16
11 25
16 4
22 25
5 3
3 24
19 0
0 6
9 3
5 20
13 4
15 14
17 8
0 6
10 13
17 14
4 8
17 21
25 7
23 13
9 17
4 7
1 11
9 25
8 5
8 10
10 16
9 23
9 15
6 20
18 3
18 0
25 6
15 13
24 22
19 23
23 9
6 3
9 17
5 14
20 0
12 9
3 22
9 11
21 9
10 20
23 5
25 17
21 1
12 9
23 2
18 3
18 22
22 9
4 17
7 13
11 23
8 7
22 9
8 22
25 23
2 5
8 10
19 16
12 24
4 8
12 12
12 16
15 13
15 11
15 11
11 9
24 6
15 13
1 21
25 20
2 22
0 4
19 20
23 4
24 4
8 3
14 12
15 8
16 21
14 14
23 15
5 22
2 1
21 9
14 15
2 8
2 10
10 6
7 25

